0.99
0.99
1.0
0.99
0.96
0.99
0.99
1.0
0.99
0.99
0.99
1.0
0.99
0.46
0.99
0.99
1.0
0.99
0.96
0.96
0.99
0.99
1.0
0.99
0.96
0.99
0.99
1.0
0.99
0.96
0.96
0.99
0.99
1.0
0.99
0.96
0.99
0.99
0.99
1.0
0.99
0.96
0.99
0.99
0.99
1.0
0.99
0.96
0.99
0.99
1.0
0.99
0.96
0.99
0.99
1.0
0.99
0.96
0.99
0.99
0.99
1.0
0.99
0.96
0.99
0.99
0.99
1.0
0.99
0.96
0.99
0.99
0.99
1.0
0.99
0.96
0.99
0.99
0.99
1.0
0.99
0.96
0.99
0.99
0.99
1.0
0.99
0.96
0.99
0.99
0.99
1.0
0.99
0.96
0.99
0.99
0.99
1.0
0.99
0.96
0.99
0.99
0.99
1.0
0.99
0.96
0.99
0.99
0.99
1.0
0.99
0.96
0.99
0.99
0.99
1.0
0.99
0.96
0.99
0.99
0.99
1.0
0.99
0.96
0.99
0.99
0.99
1.0
0.99
0.96
0.99
0.99
0.99
1.0
0.99
0.96
0.99
0.99
0.99
1.0
0.99
0.96
0.99
0.99
0.99
1.0
0.99
0.96
0.99
